==============================================================================
ITEM (e) -- 1-factorizations of K8 (math_B leg)
==============================================================================
perfect matchings of K8: 105
labelled 1-factorizations of K8 (unordered factors): 6240
isomorphism classes under S8: 6
class size | 8!/size | |Aut| by direct count | #factor pairs with union C4+C4 (of 21)
      30   |   1344  |   1344                | 21
     420   |     96  |     96                |  9
     630   |     64  |     64                | 13
     960   |     42  |     42                |  0
    1680   |     24  |     24                |  3
    2520   |     16  |     16                |  7
sum of class sizes = 6240
orbit-stabilizer consistent for every class: True
representatives:
   |Aut|=1344: (((0, 1), (2, 7), (3, 6), (4, 5)), ((0, 2), (1, 7), (3, 5), (4, 6)), ((0, 3), (1, 6), (2, 5), (4, 7)), ((0, 4), (1, 5), (2, 6), (3, 7)), ((0, 5), (1, 4), (2, 3), (6, 7)), ((0, 6), (1, 3), (2, 4), (5, 7)), ((0, 7), (1, 2), (3, 4), (5, 6)))
   |Aut|=96: (((0, 1), (2, 7), (3, 6), (4, 5)), ((0, 2), (1, 7), (3, 5), (4, 6)), ((0, 3), (1, 6), (2, 5), (4, 7)), ((0, 4), (1, 5), (2, 6), (3, 7)), ((0, 5), (1, 2), (3, 4), (6, 7)), ((0, 6), (1, 4), (2, 3), (5, 7)), ((0, 7), (1, 3), (2, 4), (5, 6)))
   |Aut|=64: (((0, 1), (2, 7), (3, 6), (4, 5)), ((0, 2), (1, 7), (3, 5), (4, 6)), ((0, 3), (1, 6), (2, 5), (4, 7)), ((0, 4), (1, 5), (2, 6), (3, 7)), ((0, 5), (1, 4), (2, 3), (6, 7)), ((0, 6), (1, 2), (3, 4), (5, 7)), ((0, 7), (1, 3), (2, 4), (5, 6)))
   |Aut|=42: (((0, 1), (2, 7), (3, 6), (4, 5)), ((0, 2), (1, 6), (3, 5), (4, 7)), ((0, 3), (1, 4), (2, 6), (5, 7)), ((0, 4), (1, 7), (2, 3), (5, 6)), ((0, 5), (1, 2), (3, 4), (6, 7)), ((0, 6), (1, 5), (2, 4), (3, 7)), ((0, 7), (1, 3), (2, 5), (4, 6)))
   |Aut|=24: (((0, 1), (2, 7), (3, 6), (4, 5)), ((0, 2), (1, 7), (3, 5), (4, 6)), ((0, 3), (1, 5), (2, 6), (4, 7)), ((0, 4), (1, 6), (2, 3), (5, 7)), ((0, 5), (1, 2), (3, 4), (6, 7)), ((0, 6), (1, 4), (2, 5), (3, 7)), ((0, 7), (1, 3), (2, 4), (5, 6)))
   |Aut|=16: (((0, 1), (2, 7), (3, 6), (4, 5)), ((0, 2), (1, 7), (3, 5), (4, 6)), ((0, 3), (1, 6), (2, 5), (4, 7)), ((0, 4), (1, 5), (2, 3), (6, 7)), ((0, 5), (1, 4), (2, 6), (3, 7)), ((0, 6), (1, 2), (3, 4), (5, 7)), ((0, 7), (1, 3), (2, 4), (5, 6)))

Supplementary (own construction, not a ledger definition): Fano-plane 1-factorizations
   QR {1,2,4}: Fano plane: True; valid 1-factorization: True; class |Aut| = 1344
   QNR {3,5,6}: Fano plane: True; valid 1-factorization: True; class |Aut| = 1344
   x -> -x (fixing inf) maps the QR plane's lines onto the QNR plane's lines: True
   x -> 3x (fixing inf) maps the QR plane's lines onto the QNR plane's lines: True

Supplementary 2 (own construction): starters in Z_7 -> cyclic 1-factorizations of K8
   starter ((1, 3), (2, 6), (4, 5)): valid: True; class |Aut| = 1344; image under x->3x: ((1, 5), (2, 3), (4, 6))
   starter ((1, 5), (2, 3), (4, 6)): valid: True; class |Aut| = 1344; image under x->3x: ((1, 3), (2, 6), (4, 5))
   starter ((1, 6), (2, 5), (3, 4)): valid: True; class |Aut| = 42; image under x->3x: ((1, 6), (2, 5), (3, 4))
