# the 126 sign-blind YB twoset pairs Y^E; columns: T1 T2 inY sigma1*sigma2 YB-sign-variants(s1,s2,t)
(1, 10) (1, 11) False -1 ((1, 1, -1), (1, -1, -1), (-1, 1, -1), (-1, -1, -1))
(1, 10) (3, 10) False -1 ((1, 1, -1), (1, -1, 1), (-1, 1, 1), (-1, -1, -1))
(1, 10) (4, 15) True +1 ((1, 1, 1), (1, 1, -1), (-1, -1, 1), (-1, -1, -1))
(1, 10) (5, 14) False -1 ((1, -1, 1), (1, -1, -1), (-1, 1, 1), (-1, 1, -1))
(1, 10) (6, 13) True +1 ((1, 1, 1), (1, 1, -1), (-1, -1, 1), (-1, -1, -1))
(1, 10) (7, 12) False -1 ((1, -1, 1), (1, -1, -1), (-1, 1, 1), (-1, 1, -1))
(1, 11) (2, 11) False -1 ((1, 1, -1), (1, -1, 1), (-1, 1, 1), (-1, -1, -1))
(1, 11) (4, 14) False -1 ((1, -1, 1), (1, -1, -1), (-1, 1, 1), (-1, 1, -1))
(1, 11) (5, 15) False -1 ((1, -1, 1), (1, -1, -1), (-1, 1, 1), (-1, 1, -1))
(1, 11) (6, 12) True +1 ((1, 1, 1), (1, 1, -1), (-1, -1, 1), (-1, -1, -1))
(1, 11) (7, 13) True +1 ((1, 1, 1), (1, 1, -1), (-1, -1, 1), (-1, -1, -1))
(1, 12) (1, 13) False -1 ((1, 1, -1), (1, -1, -1), (-1, 1, -1), (-1, -1, -1))
(1, 12) (2, 15) False -1 ((1, -1, 1), (1, -1, -1), (-1, 1, 1), (-1, 1, -1))
(1, 12) (3, 14) True +1 ((1, 1, 1), (1, 1, -1), (-1, -1, 1), (-1, -1, -1))
(1, 12) (5, 12) False -1 ((1, 1, -1), (1, -1, 1), (-1, 1, 1), (-1, -1, -1))
(1, 12) (6, 11) False -1 ((1, -1, 1), (1, -1, -1), (-1, 1, 1), (-1, 1, -1))
(1, 12) (7, 10) True +1 ((1, 1, 1), (1, 1, -1), (-1, -1, 1), (-1, -1, -1))
(1, 13) (2, 14) True +1 ((1, 1, 1), (1, 1, -1), (-1, -1, 1), (-1, -1, -1))
(1, 13) (3, 15) True +1 ((1, 1, 1), (1, 1, -1), (-1, -1, 1), (-1, -1, -1))
(1, 13) (4, 13) False -1 ((1, 1, -1), (1, -1, 1), (-1, 1, 1), (-1, -1, -1))
(1, 13) (6, 10) False -1 ((1, -1, 1), (1, -1, -1), (-1, 1, 1), (-1, 1, -1))
(1, 13) (7, 11) False -1 ((1, -1, 1), (1, -1, -1), (-1, 1, 1), (-1, 1, -1))
(1, 14) (1, 15) False -1 ((1, 1, -1), (1, -1, -1), (-1, 1, -1), (-1, -1, -1))
(1, 14) (2, 13) False -1 ((1, -1, 1), (1, -1, -1), (-1, 1, 1), (-1, 1, -1))
(1, 14) (3, 12) False -1 ((1, -1, 1), (1, -1, -1), (-1, 1, 1), (-1, 1, -1))
(1, 14) (4, 11) True +1 ((1, 1, 1), (1, 1, -1), (-1, -1, 1), (-1, -1, -1))
(1, 14) (5, 10) True +1 ((1, 1, 1), (1, 1, -1), (-1, -1, 1), (-1, -1, -1))
(1, 14) (7, 14) False -1 ((1, 1, -1), (1, -1, 1), (-1, 1, 1), (-1, -1, -1))
(1, 15) (2, 12) True +1 ((1, 1, 1), (1, 1, -1), (-1, -1, 1), (-1, -1, -1))
(1, 15) (3, 13) False -1 ((1, -1, 1), (1, -1, -1), (-1, 1, 1), (-1, 1, -1))
(1, 15) (4, 10) False -1 ((1, -1, 1), (1, -1, -1), (-1, 1, 1), (-1, 1, -1))
(1, 15) (5, 11) True +1 ((1, 1, 1), (1, 1, -1), (-1, -1, 1), (-1, -1, -1))
(1, 15) (6, 15) False -1 ((1, 1, -1), (1, -1, 1), (-1, 1, 1), (-1, -1, -1))
(2, 9) (2, 11) False -1 ((1, 1, -1), (1, -1, -1), (-1, 1, -1), (-1, -1, -1))
(2, 9) (3, 9) False -1 ((1, 1, -1), (1, -1, 1), (-1, 1, 1), (-1, -1, -1))
(2, 9) (4, 15) False -1 ((1, -1, 1), (1, -1, -1), (-1, 1, 1), (-1, 1, -1))
(2, 9) (5, 14) True +1 ((1, 1, 1), (1, 1, -1), (-1, -1, 1), (-1, -1, -1))
(2, 9) (6, 13) False -1 ((1, -1, 1), (1, -1, -1), (-1, 1, 1), (-1, 1, -1))
(2, 9) (7, 12) True +1 ((1, 1, 1), (1, 1, -1), (-1, -1, 1), (-1, -1, -1))
(2, 11) (4, 13) True +1 ((1, 1, 1), (1, 1, -1), (-1, -1, 1), (-1, -1, -1))
(2, 11) (5, 12) False -1 ((1, -1, 1), (1, -1, -1), (-1, 1, 1), (-1, 1, -1))
(2, 11) (6, 15) False -1 ((1, -1, 1), (1, -1, -1), (-1, 1, 1), (-1, 1, -1))
(2, 11) (7, 14) True +1 ((1, 1, 1), (1, 1, -1), (-1, -1, 1), (-1, -1, -1))
(2, 12) (2, 14) False -1 ((1, 1, -1), (1, -1, -1), (-1, 1, -1), (-1, -1, -1))
(2, 12) (3, 13) False -1 ((1, -1, 1), (1, -1, -1), (-1, 1, 1), (-1, 1, -1))
(2, 12) (5, 11) True +1 ((1, 1, 1), (1, 1, -1), (-1, -1, 1), (-1, -1, -1))
(2, 12) (6, 12) False -1 ((1, 1, -1), (1, -1, 1), (-1, 1, 1), (-1, -1, -1))
(2, 12) (7, 9) False -1 ((1, -1, 1), (1, -1, -1), (-1, 1, 1), (-1, 1, -1))
(2, 13) (2, 15) False -1 ((1, 1, -1), (1, -1, -1), (-1, 1, -1), (-1, -1, -1))
(2, 13) (3, 12) True +1 ((1, 1, 1), (1, 1, -1), (-1, -1, 1), (-1, -1, -1))
(2, 13) (4, 11) False -1 ((1, -1, 1), (1, -1, -1), (-1, 1, 1), (-1, 1, -1))
(2, 13) (6, 9) True +1 ((1, 1, 1), (1, 1, -1), (-1, -1, 1), (-1, -1, -1))
(2, 13) (7, 13) False -1 ((1, 1, -1), (1, -1, 1), (-1, 1, 1), (-1, -1, -1))
(2, 14) (3, 15) True +1 ((1, 1, 1), (1, 1, -1), (-1, -1, 1), (-1, -1, -1))
(2, 14) (4, 14) False -1 ((1, 1, -1), (1, -1, 1), (-1, 1, 1), (-1, -1, -1))
(2, 14) (5, 9) False -1 ((1, -1, 1), (1, -1, -1), (-1, 1, 1), (-1, 1, -1))
(2, 14) (7, 11) False -1 ((1, -1, 1), (1, -1, -1), (-1, 1, 1), (-1, 1, -1))
(2, 15) (3, 14) False -1 ((1, -1, 1), (1, -1, -1), (-1, 1, 1), (-1, 1, -1))
(2, 15) (4, 9) True +1 ((1, 1, 1), (1, 1, -1), (-1, -1, 1), (-1, -1, -1))
(2, 15) (5, 15) False -1 ((1, 1, -1), (1, -1, 1), (-1, 1, 1), (-1, -1, -1))
(2, 15) (6, 11) True +1 ((1, 1, 1), (1, 1, -1), (-1, -1, 1), (-1, -1, -1))
(3, 9) (3, 10) False -1 ((1, 1, -1), (1, -1, -1), (-1, 1, -1), (-1, -1, -1))
(3, 9) (4, 14) True +1 ((1, 1, 1), (1, 1, -1), (-1, -1, 1), (-1, -1, -1))
(3, 9) (5, 15) True +1 ((1, 1, 1), (1, 1, -1), (-1, -1, 1), (-1, -1, -1))
(3, 9) (6, 12) False -1 ((1, -1, 1), (1, -1, -1), (-1, 1, 1), (-1, 1, -1))
(3, 9) (7, 13) False -1 ((1, -1, 1), (1, -1, -1), (-1, 1, 1), (-1, 1, -1))
(3, 10) (4, 13) False -1 ((1, -1, 1), (1, -1, -1), (-1, 1, 1), (-1, 1, -1))
(3, 10) (5, 12) True +1 ((1, 1, 1), (1, 1, -1), (-1, -1, 1), (-1, -1, -1))
(3, 10) (6, 15) True +1 ((1, 1, 1), (1, 1, -1), (-1, -1, 1), (-1, -1, -1))
(3, 10) (7, 14) False -1 ((1, -1, 1), (1, -1, -1), (-1, 1, 1), (-1, 1, -1))
(3, 12) (3, 15) False -1 ((1, 1, -1), (1, -1, -1), (-1, 1, -1), (-1, -1, -1))
(3, 12) (5, 10) False -1 ((1, -1, 1), (1, -1, -1), (-1, 1, 1), (-1, 1, -1))
(3, 12) (6, 9) True +1 ((1, 1, 1), (1, 1, -1), (-1, -1, 1), (-1, -1, -1))
(3, 12) (7, 12) False -1 ((1, 1, -1), (1, -1, 1), (-1, 1, 1), (-1, -1, -1))
(3, 13) (3, 14) False -1 ((1, 1, -1), (1, -1, -1), (-1, 1, -1), (-1, -1, -1))
(3, 13) (4, 10) True +1 ((1, 1, 1), (1, 1, -1), (-1, -1, 1), (-1, -1, -1))
(3, 13) (6, 13) False -1 ((1, 1, -1), (1, -1, 1), (-1, 1, 1), (-1, -1, -1))
(3, 13) (7, 9) True +1 ((1, 1, 1), (1, 1, -1), (-1, -1, 1), (-1, -1, -1))
(3, 14) (4, 9) False -1 ((1, -1, 1), (1, -1, -1), (-1, 1, 1), (-1, 1, -1))
(3, 14) (5, 14) False -1 ((1, 1, -1), (1, -1, 1), (-1, 1, 1), (-1, -1, -1))
(3, 14) (7, 10) True +1 ((1, 1, 1), (1, 1, -1), (-1, -1, 1), (-1, -1, -1))
(3, 15) (4, 15) False -1 ((1, 1, -1), (1, -1, 1), (-1, 1, 1), (-1, -1, -1))
(3, 15) (5, 9) False -1 ((1, -1, 1), (1, -1, -1), (-1, 1, 1), (-1, 1, -1))
(3, 15) (6, 10) False -1 ((1, -1, 1), (1, -1, -1), (-1, 1, 1), (-1, 1, -1))
(4, 9) (4, 13) False -1 ((1, 1, -1), (1, -1, -1), (-1, 1, -1), (-1, -1, -1))
(4, 9) (5, 9) False -1 ((1, 1, -1), (1, -1, 1), (-1, 1, 1), (-1, -1, -1))
(4, 9) (6, 11) True +1 ((1, 1, 1), (1, 1, -1), (-1, -1, 1), (-1, -1, -1))
(4, 9) (7, 10) False -1 ((1, -1, 1), (1, -1, -1), (-1, 1, 1), (-1, 1, -1))
(4, 10) (4, 14) False -1 ((1, 1, -1), (1, -1, -1), (-1, 1, -1), (-1, -1, -1))
(4, 10) (5, 11) False -1 ((1, -1, 1), (1, -1, -1), (-1, 1, 1), (-1, 1, -1))
(4, 10) (6, 10) False -1 ((1, 1, -1), (1, -1, 1), (-1, 1, 1), (-1, -1, -1))
(4, 10) (7, 9) True +1 ((1, 1, 1), (1, 1, -1), (-1, -1, 1), (-1, -1, -1))
(4, 11) (4, 15) False -1 ((1, 1, -1), (1, -1, -1), (-1, 1, -1), (-1, -1, -1))
(4, 11) (5, 10) True +1 ((1, 1, 1), (1, 1, -1), (-1, -1, 1), (-1, -1, -1))
(4, 11) (6, 9) False -1 ((1, -1, 1), (1, -1, -1), (-1, 1, 1), (-1, 1, -1))
(4, 11) (7, 11) False -1 ((1, 1, -1), (1, -1, 1), (-1, 1, 1), (-1, -1, -1))
(4, 13) (6, 15) False -1 ((1, -1, 1), (1, -1, -1), (-1, 1, 1), (-1, 1, -1))
(4, 13) (7, 14) True +1 ((1, 1, 1), (1, 1, -1), (-1, -1, 1), (-1, -1, -1))
(4, 14) (5, 15) True +1 ((1, 1, 1), (1, 1, -1), (-1, -1, 1), (-1, -1, -1))
(4, 14) (7, 13) False -1 ((1, -1, 1), (1, -1, -1), (-1, 1, 1), (-1, 1, -1))
(4, 15) (5, 14) False -1 ((1, -1, 1), (1, -1, -1), (-1, 1, 1), (-1, 1, -1))
(4, 15) (6, 13) True +1 ((1, 1, 1), (1, 1, -1), (-1, -1, 1), (-1, -1, -1))
(5, 9) (5, 12) False -1 ((1, 1, -1), (1, -1, -1), (-1, 1, -1), (-1, -1, -1))
(5, 9) (6, 10) True +1 ((1, 1, 1), (1, 1, -1), (-1, -1, 1), (-1, -1, -1))
(5, 9) (7, 11) True +1 ((1, 1, 1), (1, 1, -1), (-1, -1, 1), (-1, -1, -1))
(5, 10) (5, 15) False -1 ((1, 1, -1), (1, -1, -1), (-1, 1, -1), (-1, -1, -1))
(5, 10) (6, 9) False -1 ((1, -1, 1), (1, -1, -1), (-1, 1, 1), (-1, 1, -1))
(5, 10) (7, 10) False -1 ((1, 1, -1), (1, -1, 1), (-1, 1, 1), (-1, -1, -1))
(5, 11) (5, 14) False -1 ((1, 1, -1), (1, -1, -1), (-1, 1, -1), (-1, -1, -1))
(5, 11) (6, 11) False -1 ((1, 1, -1), (1, -1, 1), (-1, 1, 1), (-1, -1, -1))
(5, 11) (7, 9) False -1 ((1, -1, 1), (1, -1, -1), (-1, 1, 1), (-1, 1, -1))
(5, 12) (6, 15) True +1 ((1, 1, 1), (1, 1, -1), (-1, -1, 1), (-1, -1, -1))
(5, 12) (7, 14) False -1 ((1, -1, 1), (1, -1, -1), (-1, 1, 1), (-1, 1, -1))
(5, 14) (7, 12) True +1 ((1, 1, 1), (1, 1, -1), (-1, -1, 1), (-1, -1, -1))
(5, 15) (6, 12) False -1 ((1, -1, 1), (1, -1, -1), (-1, 1, 1), (-1, 1, -1))
(6, 9) (6, 15) False -1 ((1, 1, -1), (1, -1, -1), (-1, 1, -1), (-1, -1, -1))
(6, 9) (7, 9) False -1 ((1, 1, -1), (1, -1, 1), (-1, 1, 1), (-1, -1, -1))
(6, 10) (6, 12) False -1 ((1, 1, -1), (1, -1, -1), (-1, 1, -1), (-1, -1, -1))
(6, 10) (7, 11) True +1 ((1, 1, 1), (1, 1, -1), (-1, -1, 1), (-1, -1, -1))
(6, 11) (6, 13) False -1 ((1, 1, -1), (1, -1, -1), (-1, 1, -1), (-1, -1, -1))
(6, 11) (7, 10) False -1 ((1, -1, 1), (1, -1, -1), (-1, 1, 1), (-1, 1, -1))
(6, 12) (7, 13) True +1 ((1, 1, 1), (1, 1, -1), (-1, -1, 1), (-1, -1, -1))
(6, 13) (7, 12) False -1 ((1, -1, 1), (1, -1, -1), (-1, 1, 1), (-1, 1, -1))
(7, 9) (7, 14) False -1 ((1, 1, -1), (1, -1, -1), (-1, 1, -1), (-1, -1, -1))
(7, 10) (7, 13) False -1 ((1, 1, -1), (1, -1, -1), (-1, 1, -1), (-1, -1, -1))
(7, 11) (7, 12) False -1 ((1, 1, -1), (1, -1, -1), (-1, 1, -1), (-1, -1, -1))
